8.300000000000000000e+01
8.100000000000000000e+01
8.300000000000000000e+01
6.500000000000000000e+01
7.500000000000000000e+01
6.500000000000000000e+01
7.400000000000000000e+01
5.500000000000000000e+01
5.600000000000000000e+01
8.400000000000000000e+01
5.700000000000000000e+01
8.300000000000000000e+01
5.500000000000000000e+01
5.700000000000000000e+01
5.000000000000000000e+01
5.100000000000000000e+01
5.200000000000000000e+01
5.300000000000000000e+01
8.300000000000000000e+01
8.300000000000000000e+01
5.100000000000000000e+01
5.200000000000000000e+01
6.800000000000000000e+01
6.800000000000000000e+01
7.500000000000000000e+01
6.800000000000000000e+01
5.000000000000000000e+01
5.200000000000000000e+01
5.300000000000000000e+01
6.700000000000000000e+01
6.700000000000000000e+01
6.700000000000000000e+01
5.200000000000000000e+01
6.700000000000000000e+01
6.700000000000000000e+01
7.200000000000000000e+01
7.200000000000000000e+01
7.200000000000000000e+01
5.200000000000000000e+01
7.200000000000000000e+01
7.200000000000000000e+01
8.300000000000000000e+01
5.300000000000000000e+01
7.500000000000000000e+01
6.500000000000000000e+01
6.500000000000000000e+01
5.600000000000000000e+01
6.500000000000000000e+01
5.600000000000000000e+01
5.200000000000000000e+01
6.700000000000000000e+01
7.400000000000000000e+01
5.000000000000000000e+01
7.200000000000000000e+01
5.500000000000000000e+01
7.400000000000000000e+01
5.500000000000000000e+01
6.700000000000000000e+01
5.200000000000000000e+01
6.500000000000000000e+01
5.000000000000000000e+01
6.500000000000000000e+01
5.500000000000000000e+01
7.200000000000000000e+01
7.200000000000000000e+01
7.200000000000000000e+01
7.200000000000000000e+01
7.200000000000000000e+01
7.200000000000000000e+01
7.200000000000000000e+01
6.700000000000000000e+01
5.600000000000000000e+01
8.300000000000000000e+01
5.500000000000000000e+01
8.300000000000000000e+01
5.600000000000000000e+01
5.000000000000000000e+01
5.100000000000000000e+01
8.300000000000000000e+01
5.100000000000000000e+01
5.200000000000000000e+01
6.800000000000000000e+01
6.800000000000000000e+01
6.800000000000000000e+01
6.800000000000000000e+01
6.800000000000000000e+01
6.800000000000000000e+01
6.800000000000000000e+01
5.300000000000000000e+01
6.800000000000000000e+01
6.800000000000000000e+01
6.800000000000000000e+01
6.800000000000000000e+01
6.800000000000000000e+01
5.300000000000000000e+01
7.500000000000000000e+01
5.700000000000000000e+01
5.300000000000000000e+01
5.700000000000000000e+01
5.200000000000000000e+01
8.300000000000000000e+01
8.300000000000000000e+01
7.500000000000000000e+01
6.500000000000000000e+01
8.400000000000000000e+01
7.400000000000000000e+01
6.500000000000000000e+01
8.300000000000000000e+01
8.300000000000000000e+01
8.300000000000000000e+01
8.100000000000000000e+01
6.800000000000000000e+01
6.500000000000000000e+01
6.800000000000000000e+01
7.500000000000000000e+01
5.600000000000000000e+01
5.700000000000000000e+01
6.500000000000000000e+01
6.800000000000000000e+01
6.800000000000000000e+01
6.500000000000000000e+01
6.500000000000000000e+01
6.500000000000000000e+01
8.100000000000000000e+01
7.200000000000000000e+01
7.200000000000000000e+01
6.700000000000000000e+01
7.200000000000000000e+01
7.200000000000000000e+01
7.200000000000000000e+01
7.200000000000000000e+01
7.200000000000000000e+01
7.200000000000000000e+01
7.200000000000000000e+01
7.200000000000000000e+01
7.200000000000000000e+01
7.200000000000000000e+01
7.200000000000000000e+01
7.200000000000000000e+01
7.200000000000000000e+01
7.200000000000000000e+01
8.100000000000000000e+01
7.200000000000000000e+01
7.200000000000000000e+01
7.200000000000000000e+01
7.200000000000000000e+01
7.200000000000000000e+01
7.400000000000000000e+01
7.200000000000000000e+01
7.200000000000000000e+01
7.200000000000000000e+01
7.200000000000000000e+01
7.200000000000000000e+01
7.200000000000000000e+01
7.200000000000000000e+01
7.200000000000000000e+01
7.200000000000000000e+01
7.200000000000000000e+01
7.200000000000000000e+01
7.200000000000000000e+01
7.200000000000000000e+01
6.800000000000000000e+01
6.800000000000000000e+01
6.800000000000000000e+01
7.200000000000000000e+01
7.200000000000000000e+01
7.200000000000000000e+01
8.100000000000000000e+01
7.400000000000000000e+01
8.400000000000000000e+01
6.700000000000000000e+01
6.700000000000000000e+01
7.500000000000000000e+01
6.700000000000000000e+01
5.100000000000000000e+01
6.700000000000000000e+01
6.700000000000000000e+01
6.800000000000000000e+01
6.800000000000000000e+01
6.800000000000000000e+01
7.200000000000000000e+01
7.200000000000000000e+01
7.200000000000000000e+01
5.000000000000000000e+01
6.700000000000000000e+01
5.000000000000000000e+01
5.700000000000000000e+01
5.300000000000000000e+01
